13.20378647388226
19.111589946286113
12.872947189360548
14.772809901619222
22.632847983523625
13.601259647723847
17.598639430668683
13.726126797485847
13.38475081580016
17.006590561700072
6.8089929726053855
14.57868264278763
9.75029388862127
9.716712519275049
11.176117136791
7.286461735482224
24.653491629473308
11.074637894036849
16.89275018394502
10.145964062535269
14.537523296368677
12.439629069735961
12.691533497073127
14.290866868992131
15.454824958838628
12.17944080401036
18.57227455675024
17.11877204933915
13.490651377333329
14.674797665487237
10.526669733860148
13.88848604923889
12.392185901238747
11.351764005850915
13.987918582281145
14.608867211714484
11.639251083099232
11.146437501028451
9.130843657528565
20.600295464266196
13.979521579897726
14.08473235036928
17.82489365692259
14.254153312696992
19.42447986562889
14.768467530774165
17.26456481234875
14.441112581671636
13.790988971818951
9.63284509988025
15.212354058357311
22.627410457310646
16.84476366722311
9.98165761437967
12.84201558017145
11.35280773596506
14.082097919413572
12.484350190843049
17.016434297759016
10.957244621145856
9.997112025626006
13.916140986809026
13.711728303393631
13.843514952125668
16.979776038430504
18.610733362989734
18.643047177525748
18.99435742850144
11.101957148747037
17.15905797375443
11.461652392876285
16.110584376204127
16.828687735834333
11.213272283492019
13.575800029179364
10.204772997256153
8.55933152655814
11.71789333093211
15.340267957748479
16.662579864028352
10.901269137845507
16.47160481940884
12.161931596439839
15.888026972580718
12.81667422685853
15.765796468399639
10.005866299546023
8.873171200026729
11.98326332353794
10.6451147209664
12.536790920682137
25.8528683215857
19.68679080080178
16.935098328133375
9.876014212037257
20.983947440895033
11.241918987612273
16.923946824730848
17.336717813814033
10.454146027447436
19.6164063141091
13.739236154104733
18.23258063753461
13.951823551905926
16.244148917428245
16.584757586162514
10.376897917182239
16.991141834269666
16.79656793321929
6.142802655473667
12.995354770314943
15.60087201470742
16.23690647937327
14.430953681970035
11.441079561506397
17.71561777711966
9.437465056682687
15.254473370722042
17.633889837387247
12.017294718885356
10.198220581053008
11.982346357395588
11.147426123700592
17.548623102914057
11.823449911855837
11.938599819833103
14.222808211046187
18.644952740235908
14.27276646246186
12.415500284802842
12.0891520025099
14.985027671209526
12.015421542233453
13.875096753528524
11.55243254748299
11.807372927979326
13.617961399214195
12.684726467552139
10.97112266093972
15.371432428283285
8.434081631555298
12.875597011823455
15.114721193340317
12.240294281481052
12.29443292432731
11.756635105219218
12.818250693451583
9.641986843813225
12.550743292480508
8.428726834747394
12.824510139379067
14.022300290658286
10.68271843811855
12.429360564185432
10.74649503045914
13.22232325884455
11.070191481988287
13.130042684021763
14.100098333747068
10.860259269516835
14.016107367307963
9.587126175437938
11.993760145781536
11.413607016259498
21.73626269614801
14.928757236091723
9.414981368812619
16.263325244861853
17.39925116569885
18.750156402158446
11.184978123920889
16.484204587440367
14.365418012336873
13.814473029796135
11.754394319984659
9.755927754019515
13.023591917203508
14.739840576085664
14.518537516144455
11.686469099564862
12.366037858095492
13.415181364345885
20.86244553655286
15.686146378930905
11.39583660960641
15.515507473874992
12.148546539434335
14.008844061488075
17.039092897546013
9.59609350872466
21.562179531615552
15.62828241457918
14.74219416681105
12.270353422147576
8.876250887250064
12.770153998907602
15.366566018132584
21.215999409431625
10.221685562210878
12.435397137673288
12.777839681644224
14.71652977420816
11.222204331226687
16.376541786392192
11.751873759705674
16.323953083868947
16.15034991019006
11.06362384908627
19.283839701109265
18.819056696271122
15.999298015354057
13.7605206998272
10.473933344622814
12.326668208811098
14.06866511601222
9.201129101339216
28.24791027302545
10.341339153021652
9.112705548348801
13.87581363878959
11.038498456347162
12.953548933916254
11.871570631478235
16.9823672684533
9.581735198238903
13.26240258100832
18.146445194548303
13.805428571206393
14.277683028027173
10.3908798853301
20.845153692502265
10.510239416496837
14.804069777712517
18.02529837351146
10.89721564326455
13.843381362564669
12.959040726290374
15.617678660102953
9.340072151178845
12.115035639164741
19.761782173500638
17.43623253832976
11.400729950933894
12.590222322879992
11.412830408177204
11.578391264664408
19.03933275692641
11.196312128541368
12.432590824601327
12.121845400020856
13.271387283820705
20.22311599601678
13.341378065962656
12.583471858496015
12.21977976868292
21.429657202494855
mean:
13.931881462490981
