29.68353580737449
28.577498663234007
30.074977624873455
29.200162686157668
31.352186570560065
27.275843947220515
29.52082308101073
28.592688568288068
30.727003215322988
29.753919669410095
30.358324733343537
30.234375734331998
29.334700952786207
29.118960006642972
30.001050225067267
29.367518995730393
29.996219770673527
30.387440085651015
28.47026899015836
30.50265818172688
28.723355846592582
28.345784198719684
28.59749084698383
29.36827084749268
29.225058978788585
29.904320104353353
31.292425656281292
28.31407056426132
29.050620326600686
29.089635499211912
29.400719492335053
31.616930183018255
28.84958586492131
29.21204667918331
30.057312259811933
30.121098042767606
30.51154601450911
30.24189154279825
29.45751293745475
30.229897699843203
30.70238543118947
28.724222839320326
28.13454804351513
28.42421866877531
30.653949998006507
30.21053084881312
28.700935024436927
31.536265723580357
31.363123513521757
28.504222877689465
32.31621209315455
28.548156545618003
28.597117014749905
30.03864897186135
28.953405482942745
27.854885636210412
28.443766698344447
28.94114273325634
31.245884104217154
29.977092073199486
28.38504358421623
29.433765437350164
30.86199606133963
28.296785210895354
33.71174624495508
32.39863215408847
28.5046696902417
31.175842909044693
33.63638624502702
31.20374979933008
29.166050079483917
29.664471131619624
29.7904451240069
29.927975292652707
28.719751984750367
28.384912428086487
28.88892387091246
32.431959453939506
29.67549332869449
27.26359428796482
28.703406181086276
31.05043354087007
28.588567014245477
29.485657069004713
30.866685017738632
28.63394209602037
27.393062407997864
29.00989227180927
28.55365382658091
28.607332232456827
29.608052260969018
29.105849845175115
30.21891998061158
28.688419452225496
28.904788954546262
29.81682533711934
28.204881580430545
28.092456629960623
28.612687776168105
28.18865131107674
28.876732482957067
29.32517031743427
29.44045460132306
27.87403885962331
29.00147527797997
28.868439561135926
29.682843558461066
28.310809119762027
28.758591899895215
28.47019637962662
28.542394211221914
30.523357377351328
29.248297296069026
28.87276851996402
28.369818488268987
29.446886097670763
29.021882308109905
30.204675490514113
30.037157613618554
30.30161687873924
28.479125107714705
28.353597318398222
30.979560432262137
27.946345823464323
30.355970169974217
31.173114751805166
30.971511078665337
28.063863031274888
29.527964689823047
29.29839086600267
28.4919151046281
28.42227172014651
30.336462897950355
28.85885411276191
32.7926057451065
28.06625113159113
32.5637454845885
31.729659341611583
28.478746009710477
28.73527797756854
29.803682735856988
30.511857876982038
30.110542120636545
30.419870058040296
31.361085609329464
28.68406155967142
28.440463356698423
30.107972616012137
28.26135589806574
30.818833646308157
28.588464909085083
31.555002849467833
28.977644464898965
29.704639105377424
30.11324145871633
29.83803292439309
30.48638355508041
29.42595298172229
28.722622684083827
29.03228282795085
29.216228519178852
31.52143431110602
29.296925156818894
29.740136324322044
28.445468709998153
31.19028149460287
30.25490410834639
28.69435079805957
28.308039736750118
27.87868864931187
30.89057300451461
30.028789195420025
34.67631961728128
28.79209906748807
28.418202959248728
28.2841645833377
31.047533960588346
28.84683424983585
31.945530564634193
30.360532927357777
29.19987786953985
30.707768655986353
29.1681229557115
30.915720433400196
28.55576192458049
31.018245576605775
28.397927412911812
28.381945610649602
32.431550318884476
28.580331702250284
30.857404863489517
29.884946230250968
28.77779625842362
31.995308403301177
33.50855456165747
28.33449082568795
31.09334311250075
30.88248029342083
28.8441843418971
28.549639191747502
30.05739487299646
29.63769239050409
32.216343984366866
28.637797136343046
28.417319442626727
31.25434282874716
28.592574573786827
30.929351948822223
29.815116527493025
30.20256789805032
33.17664089914862
29.761949329577355
30.790677720111365
28.397859760293183
29.106969242390186
28.55737193797827
28.25243087066806
29.21022008895872
29.72362120504513
29.679060876978074
28.43289792600642
27.995296571941953
29.81752885351831
28.9686081019834
30.430900145707206
33.12440064761822
32.46697349186313
28.056060388703578
31.547412914681445
28.760618018741482
29.18679194867257
30.055533703725153
28.658324886500715
27.595826956261128
31.838440266816136
30.650798183189192
29.55687491050234
29.755861465403733
28.060585883042044
28.76423551993287
31.096889141702544
28.362785105801088
27.76863367458375
31.735880351838862
28.911230775674003
30.9149151740551
30.875619310344803
30.250157285679528
29.58604804733128
28.633009618877804
28.952615358462555
28.813424853133526
29.013342460079254
29.604254745781716
30.531630357095775
30.261266299914745
mean:
29.660191610378487
