24.58354050598124
17.828630120491386
26.38786847962411
25.63608939688074
26.264008102293396
22.43795181591758
21.08841953468602
22.692134090664474
20.032115074259362
24.402352122260087
23.939352744276306
26.673605816740928
26.125694179589594
26.129903128473586
18.784804714157502
23.339832483364734
26.143137223307317
21.57720132743773
20.98967626257189
23.560536065803092
27.627059539759035
24.246910211750286
28.89862753208383
19.51337910380197
27.0028511458618
14.829626114549137
27.21105456242401
25.964224360119946
21.65216127045746
22.607396346504053
23.996863196069693
22.98065352902878
22.844439333814762
26.21727922969095
29.933788373589614
16.598053006446065
22.751337065887107
25.43551653622894
21.278275822616347
26.858425142700014
24.66973937908108
18.117996551526304
20.675053329903143
21.8994626849892
18.733177247314757
23.013005451668768
26.523474814361144
25.707241795358353
17.705858915221235
26.770155447106493
22.78735605715408
18.894792830717254
26.124787217506906
19.41142428947972
21.007128002130596
19.142790091501872
25.98982315165559
21.033513708201692
24.80089999636546
20.90802508280631
21.335008234474717
26.508940712354423
23.19112682370715
25.674729288049782
22.581401543394847
23.962924065677186
20.912902316343217
26.106971298898465
24.145194867532553
24.09076567509594
22.3490696167625
23.226699441214514
28.941246407501268
17.98316671718397
26.710862378631113
17.216384702112123
23.422090337707818
22.007118770476794
18.00215055021279
21.001593321414724
24.591071376848767
18.323778074533962
18.0280693743969
20.16207747135141
27.830266656204294
17.668999595421205
20.218416377630213
24.236871653322307
25.30029347289629
25.041168253076194
18.993065580075946
23.453882155979176
24.914338196446614
21.486548197405874
26.867320243420096
26.80454452682976
27.015284553095412
27.383717265673116
26.880429031360173
24.174759272994137
23.281480022799744
28.156257112576604
17.30087801959392
14.846359899922348
19.95830523020034
17.846698083672184
24.10506436495914
26.453298953309275
20.965434410741047
25.437317661279224
23.927923340454903
28.91875759083904
18.933079629139467
22.340545972721255
18.47964022033982
18.67727552798747
22.872887503017907
16.498387341498887
25.643750359367257
24.135630106606378
21.605397718729087
27.286088094248846
27.17394883402424
25.85407414800094
23.417142193993108
24.03567734521736
27.862095611152586
18.50598017359357
27.126068770868407
25.247464170971856
27.22027147862422
15.757290274062646
25.242844337923675
25.509582211006588
13.039485254208568
20.20469947089999
21.752849330297728
21.420026093239617
20.30645442337136
21.703770253216874
20.848290717655523
22.886141556755394
24.82087092868001
21.476603092455587
19.909728397382494
19.553023733003034
24.719271257117587
26.202423036005808
25.527066716690236
26.033955276726843
23.370580966773687
25.5483302851924
23.23722402588214
21.916423240683688
25.133853454831133
25.960211578215784
19.646552893188222
21.492517129832788
21.988641164086268
24.052138554986602
24.11497952667724
19.272391049654768
22.634014948249664
23.205490377891405
29.497581132036217
24.45320091624959
19.50349202731054
21.621129400090403
26.316751600516653
22.510359160138805
23.436451524250582
26.512757198490323
18.066492658770876
23.551732064507213
19.573092198406542
29.13003491952912
20.48711799781699
28.92841570121989
26.668338453456315
23.726639346615404
15.770192093994499
22.144156040296874
27.688186931200605
25.794748534740023
30.026655165661552
26.185422968378592
23.41504342219408
25.471621962775707
27.032516197696733
21.868509562550358
18.35773071436786
23.571394053685026
25.861808292288494
21.325441923507633
21.647337362918584
23.345576217172145
19.31519897394628
23.503403209639288
27.859863358724652
19.196574211574713
21.540024580206904
23.51434201990901
22.54783788334254
25.07509603867684
17.246433242596492
23.543423663334515
25.22604539591412
25.054107786894857
25.162750182500297
26.59251573930243
25.60916915319155
28.096223851640517
23.73451847772352
15.994191685985468
19.931025027585193
19.628896934599176
25.98049925121117
25.34507804414231
20.740541091765763
17.054377768440343
25.78667957530481
16.047108996763285
24.588016608471115
20.742788400718
18.77937955107416
25.431724116544995
16.55897654025444
22.5134005539846
28.69439580623718
27.46477407780037
26.921330705034116
13.845362135720386
20.706583439480983
21.32000326249029
28.834317096745483
23.099350631821217
25.11997249998261
22.852514602252484
22.029867865881382
25.255618403133177
26.481392204264075
20.81540842790723
24.720294792441905
24.286444008096865
26.379124960221638
24.69149915306749
26.182486547039325
26.081821605397984
20.18383788420056
28.23741918873118
23.068882813934948
21.38239136891449
26.051929726970528
22.29628466938334
24.952791062821973
26.49040962691974
mean:
23.172669073151987
