29.37214965034903
28.663080480341144
29.230609911890596
30.68824314317245
32.50946326765841
30.524277182283406
29.96116076280518
29.527482042081083
28.54446963693505
31.15628513728994
28.013050658096873
29.666443802154532
29.20828102752377
28.149458763206407
31.716235187362017
28.481975145961577
32.44189518192766
28.491016465793003
28.327366458462055
29.11844087362329
30.06330303499628
29.66016154924963
28.90808898287498
30.214001036062466
29.467608055724924
29.06201833486561
31.181703911095376
28.28431836203777
32.85953733417158
29.20696314122324
31.922385287121422
28.60625166345644
29.557778088231146
30.79846382429288
30.596416898739157
31.867896268901607
28.301465845159708
28.575677560238958
28.721318689803383
28.868728582699102
33.33449948667829
29.37243658427091
28.784705524330377
28.411433920713396
28.406836692230417
28.793350388688573
28.793881485937153
28.107377959415256
30.168188070322035
29.398797619565755
35.0161106086861
29.805730074133887
32.18092334553663
28.84360124589672
28.96974412264869
30.19968727776002
28.882422581203777
28.68808592897935
29.895561449605488
29.96439410545944
30.715298454766188
28.81541879257668
29.8764959412372
30.346393947413365
31.031382992206655
29.987441999005053
29.43523034723794
28.486161656699206
28.064294602334936
29.667667106632088
31.06447437736604
31.01512706601424
30.88745145797272
31.904736096077244
31.52168893130294
29.31564197982862
30.58581719077187
29.61779204457439
28.1016167150328
30.178930525035792
30.20243122466695
29.01501876017987
30.752982919710252
30.80371900811155
28.721529246223515
28.401868116705433
29.38062453690136
29.478348445251505
31.142404381607612
30.019759769053856
27.204586192595848
32.49289217773052
29.438433874831766
33.07014640257549
29.284092450186044
29.992056526241335
29.033705385711173
28.900149495536546
28.273446453645494
27.73658495355287
29.391940722626295
30.959278532276873
29.058778713087577
31.01157853537992
29.358867974861052
29.366039167842114
29.506832138058247
28.166433714214705
32.65436233861856
32.76319770653157
30.499754491211345
31.234580814763074
29.07326630690001
30.989692640627343
30.260469794672893
28.629955670241863
27.961404866088397
30.80533475149626
27.938829075354974
28.205510768405063
33.3279684773516
28.104791479992556
29.14647839160748
29.05616688641725
29.892082014437715
32.097851237462855
28.177965961757167
31.4205011919403
28.384586428579635
29.036469176682964
28.30078217268932
29.08279613486192
28.469401564764496
29.17579491785711
28.945097152430353
28.18039263021959
29.903660864459273
30.039444206719
31.21231359488522
28.614722008075454
29.00874570195491
28.540669331199844
29.64870188997288
29.702852041956042
30.89080654370454
28.491419678169187
30.02404258006212
28.740574121039227
30.003122065641232
29.08098350578375
30.164138972771916
30.422798691609444
29.1497930609775
30.252259303712314
29.513110095199067
30.745252045816788
29.842428419057498
29.31556769447174
29.62731427449863
30.837756724531097
30.90069342609081
29.70186744055171
28.593639949430138
29.080341347859967
28.947579025321417
29.09953265337206
30.513784582853983
28.625085695865206
29.690363145613965
29.74786868637247
29.41068330386353
35.33382826918072
29.349864447795618
28.040590496565443
28.457458660259952
30.66427414089972
29.87293672588936
28.96183244814246
29.095894162518444
32.14302851967838
29.360861391790742
29.116138800660423
30.340393795140873
28.635311414649255
28.66724540111091
29.243372083781196
30.66246944187446
28.553474626994873
28.79476267424973
30.390448015205894
28.524394439158172
28.86239546091495
29.280673719026797
28.320024868422415
30.981079438656728
33.0599085624339
28.224046136849076
31.377020114259217
28.779498948488786
30.1029828692183
27.922469935649342
28.222360127654078
29.235092232673384
29.44972951080645
28.952034601862856
28.51746570793977
28.188780253796587
30.13703347970475
28.30532362727425
29.80316326038386
27.800016636836496
30.79177984885667
28.435721570311365
30.01757083012119
28.603902156727354
29.307696009306305
29.226314142817035
29.135756563297548
28.936519607899683
32.36056686910972
29.769581489052392
28.39501178955296
29.249783266387624
31.182945576179698
31.693466380341036
31.79223306466209
31.814858323400074
29.259365115046197
28.204726993906476
28.676869561906454
30.49700509543159
30.442211062420004
30.031580526829316
30.869645579516508
28.370180726632057
29.59762574397574
31.265945071013427
28.32773256955978
27.702682463287505
28.07106613536543
30.182403886097088
30.10562738926538
31.287063972753604
28.077771431552094
29.776752067253103
29.861355160319988
28.635263778927104
27.88492618083265
28.989575828549693
30.121047742239302
31.448573861384077
28.792115529900162
29.10857583817926
28.410815649432173
28.150101272366975
30.177271318469998
mean:
29.687443351373595
