28.151787867379106
28.067588484267564
29.07991036360069
28.117418665488177
28.501862467481335
27.75323904367778
28.781805824733496
29.393164712379694
28.519873271369093
28.812552275536028
28.36656716482729
28.888848120700494
27.949853124416457
29.195341406210463
28.97790218680266
27.924902859855592
28.435513050574485
27.9912560974174
28.514414696399616
28.929254309510203
28.576801462628076
28.660468451691486
28.379040693328736
28.28429273187629
28.70978608579342
28.73709005188445
28.079761986958587
28.46509375421444
28.24705487731832
28.093385084633997
28.252550816668737
28.790893365468527
28.70765033667127
28.817678593880473
28.711228007456207
28.342576788344488
28.52216227365664
28.06222762697221
28.15157123641232
28.727704707116487
28.86154644490418
28.036466181631468
28.012744530477818
28.31116646932996
28.140788866554374
29.382991040877016
28.734758059968783
28.897407833214984
28.852906800401875
28.551741447431034
28.34831393215051
28.784380957478565
28.233893654036777
28.2549577061989
28.498387722023004
28.649908559799076
28.396653465536676
28.31407793753185
28.869553866072547
28.485946865639423
28.56090982622925
29.195260118418087
28.42072612428687
28.73974452084205
28.701793521428833
28.519173665137888
28.687700199095012
29.006345375679395
28.828181809293095
28.254594042179022
27.838019642768547
28.136090600323435
28.632644618522818
28.91337171019293
28.54639437282088
29.28830736612155
29.17205157108953
28.64740793686274
27.86026872183331
27.998555658282093
29.726294518067988
28.75670551812504
28.322654147500007
28.934635159678233
28.631720352652398
28.89213184236496
28.529148866974747
28.585273369778523
27.771931965618656
29.1683428642634
28.681641504831383
28.43232205218786
28.766292912423538
28.482848919316886
28.69586811057882
28.54801258857129
28.024785752015227
28.89204761335108
28.351202080913826
28.911899175505646
27.819958577016678
28.207661481799242
28.356079493507824
28.29387430006139
28.67437740446792
28.424415302402238
28.124661810172263
28.76425187706301
28.373688906159593
27.882685779299955
28.306357609631448
28.620260735473035
28.758526556957882
28.0999670347239
27.931841817349053
28.814260376072877
28.290433646291856
28.40435545799998
28.931501895028433
28.949737958045855
28.100230239566116
28.457340539997958
27.9164305859494
28.10789473705856
28.488728464587293
28.168978736419614
28.540727592993804
29.25346609139096
28.273230972819988
28.687290398627773
28.913270140045704
28.905080405382936
28.807886341447283
28.948820493840316
28.800325697885654
29.250043935134073
28.53362153904672
27.571948305195065
28.57053559962671
28.836780674605308
28.235341573808157
29.64589053799073
28.29402108365236
28.630134088686646
28.182462981732087
28.4268058691767
28.15972187045503
28.434978527523015
28.175687057538035
28.536724883958847
29.39027778356818
28.706262057499025
28.740366706132683
29.099245525724182
27.93223683139791
28.121779326518492
28.301083563416846
28.346096156665176
28.984449154181675
28.93636218476304
28.77208174324953
29.129155567389944
29.373137535370994
28.40893121907403
28.687973420890742
29.048991360069593
28.442881763917143
28.417111804549027
28.938404874157477
28.160010070711927
28.83263281596584
28.998686182824578
28.52468853608659
28.67529076239478
28.327370156399656
28.45306750952853
28.310326560309452
28.509888473904475
28.361964975360166
28.811254072227577
28.736769023973455
28.219718705817737
27.458510203472876
28.224858687619545
28.377850837224713
28.563080012575316
28.06587159348881
28.841461121682958
28.44929687354483
28.855549508932043
28.01172311466191
28.47571441638783
29.452402292758123
29.118476367921748
28.682652707013535
27.83158514304684
29.035115352207118
28.6190503889441
29.322379371168438
28.050783128784694
28.295944407009223
28.261814833752055
28.45695571884687
29.202134310098845
28.46893544294978
28.672755465858994
28.85522795609472
28.877429171900175
28.998988320242105
28.192116186186013
28.671226192259013
28.258130147649876
28.679483456002473
28.214948732584226
28.357214993956678
29.337023894579595
28.52722788513907
29.647067977309874
28.10399054605639
28.653929297955575
28.220119145971047
29.25837527842461
28.393059116050395
27.63012099546649
28.547646881317434
28.46268965458176
28.932555984126026
28.114463520391304
28.82744318429952
28.61676509875312
28.30649377511762
28.419101763132062
29.264455337053587
28.559782225905508
28.628136220663578
28.974304055015207
28.412474624790672
28.500769335307915
28.313067916069755
27.525485105508082
27.807683857065125
28.41657576668198
28.15472588189023
28.74329990382543
28.950211701485877
28.382919342425147
28.657973714121642
29.508758743555003
28.271722906325248
29.166476239469233
29.4717450873395
28.982182606049935
28.51238445141956
28.790189851024472
28.42477834172039
29.369525790027552
mean:
28.560988796300528
