27.88877906672831
26.82368106122678
25.718293860870418
28.02889911957008
30.393747800106112
26.78625116805462
25.896173206099952
28.8514861872333
26.686766185750418
26.775218052872425
29.07050158920887
28.05985762080663
29.54105357080419
32.953047334180205
26.9924510434959
27.044857835756012
26.348104047479247
29.122768318073227
27.885774703097855
26.265064345679857
27.349307390251916
26.70527029712025
29.44886243039551
29.267622847925665
29.609190782136096
30.002002465597876
28.59593993919026
27.136452689113856
26.15257098013374
27.920526597465916
26.721556160603583
27.332547447583497
28.614160005351557
26.418397579830252
27.80936503874323
26.241862828774195
26.83343323386382
31.302645908400248
28.986198403451795
29.29225683866615
30.072186806640318
26.113721393248085
26.76103162569385
29.37496685173595
26.58193453143405
28.931703841465648
26.358975003891388
25.693616899934547
27.686029189107728
28.262745803111255
28.092206899702465
27.67394138097294
26.46491439015634
27.661020363252216
27.08840102886617
31.29766394640782
27.03835488140603
28.280630503710658
28.673383077578443
27.062567790556315
27.54065210361782
27.545394596178035
29.345585653667037
26.184240123624146
27.429457939044916
28.986260044808564
29.138081309991392
27.40420425537073
28.233516939072466
25.616298460378268
26.47362419243519
26.064532642045563
27.8897195442203
27.52760332179625
27.809698645670284
27.72981607913811
26.75118653139021
27.81074579676144
33.52123132671626
26.01198484489759
28.209456813003428
27.266834857000937
29.324191793561525
27.336989954725702
29.49282069029719
33.48762461778883
26.243187519647893
26.153692479551147
27.849035347963316
26.63901363030638
28.343081434323743
27.84460682718914
27.21055413279722
28.384923460540513
28.386802794109045
33.334752061330676
26.45140931338645
28.195466686782893
28.048174334617308
29.07038447262763
27.991572841958995
29.423926941759536
26.83671385918304
28.701615786963757
25.68162775199159
26.773007141341
27.345547024525693
27.841082722260197
28.543980630922192
26.586236912001304
27.573282493771654
27.846241258894384
26.122411907135078
28.209674325130788
26.31030376849571
28.196817521451347
28.016537621361984
28.908589895214945
28.332175368393994
29.114725528342777
26.711163988484383
27.351642336797568
29.22246046197527
28.84930322626432
28.242013297127322
26.002344795073093
27.970386434160936
26.79071443652649
29.503739507136963
27.345900371959818
27.339027123706554
28.740635710639783
27.532508132772257
28.03970668656689
27.266743937795887
28.018195391831803
28.531772809281414
25.956986979561876
27.208924728777106
28.884217782911744
27.115442341457285
30.640230194724726
29.802267922479373
26.255976227568432
29.692974876151318
26.49500784026774
31.049500034896326
27.681479130870898
27.930612700982167
29.045129419639867
27.734798686331725
28.511930696079574
30.482626634828588
28.062628633186616
27.1637251390375
28.584746260647353
27.210479446416528
27.1783566261497
26.224134629233113
27.298940286358505
29.31926083098919
28.681906242525773
29.26853372581025
28.190004237362345
28.872426049925224
26.616465674986166
28.297634953624
27.31897167135503
28.59775708147619
28.83731206939759
27.456617683860035
26.980942842140585
30.73916938930394
27.408419878513172
30.056137598902872
28.79211196136207
30.0431560076398
26.966049350241157
27.420792793509534
26.613034193575697
26.77501254959398
29.082318983798086
27.21926612236391
25.736055078475616
29.978680995743083
26.52485147890513
28.05504425009367
28.043152210555917
30.6814276064331
29.54140621918763
27.518894283736458
27.185367902470595
25.24547054223623
27.62245998871666
26.47115542846196
27.89602864656031
29.070048127581607
27.285926019013644
30.29591734685518
31.183617805370712
28.187286016815094
26.53724030464297
27.227091610168436
27.866739588133957
27.919529844446735
31.139427076273183
28.81569671356437
26.32571610425294
28.40204172719792
27.836853814129054
26.367699458744212
28.243063603414782
27.436103269498187
28.323368177347163
26.79932080390822
25.69570978279016
31.356240388145924
25.57145056723583
28.611102356917932
27.501481552424888
27.540841456547966
29.337007243636446
28.18801600437096
26.73537125020041
26.94296956098015
28.29065736468454
26.674298342887983
26.67714511621117
25.46273310025919
29.389681813920554
27.52578329075908
28.81523916536766
28.780380562929736
28.76821848524775
28.076778302203902
26.074745809635388
28.048032412904803
29.051230388730218
30.11311638410458
27.38525763700458
27.83316999712188
27.773349376385234
25.68206294444599
26.85783483638284
30.03267053672177
27.542353659379938
26.781573616708783
25.31413472250619
28.27168566401856
27.02621286078081
25.9501289858113
29.65103716719254
27.5700632845375
29.29635720993923
26.86691850253041
28.49304434338002
mean:
27.94229412856967
