28.129524381387668
29.423529640022423
29.673047694309894
30.70101192356811
29.218198372178385
28.800680324642226
31.1103512151777
30.500163086570108
28.389554017212486
29.970625075365977
28.32545134991557
28.076186624113507
30.503378304555756
30.469848691947252
27.651878270756463
30.512701852443914
28.10807404163022
30.787223152876955
30.74078900482612
30.284927828860614
30.069302085433872
27.751706788216918
29.353197605278236
29.137574377342972
28.97725791071723
30.251712105180836
29.087745119414016
28.268547820076847
29.018121838883495
28.950762333121553
29.691831160498058
31.02958448730429
27.723655043267076
28.019246639147596
31.09902375016746
28.38131280204971
30.70982908901326
29.72702435313804
30.964290931283163
28.514939781118713
31.473187994460233
28.975716331289192
30.642358296483806
30.72339987110705
28.583990349014968
30.409088877723466
30.515351043512226
29.088300250517406
30.174780867319598
30.54689196604167
30.24923041742417
29.570974100224838
30.094786742818584
30.676172245024116
30.37125921717942
28.936357930162867
28.421538532751743
29.35964178101484
30.8683907452589
27.66287566522857
28.03002804373981
31.040338360083098
28.53929457969577
28.73889068613911
28.07583762529228
28.84380115570615
30.454245436264475
28.55471748935344
30.95500323638108
29.29570025891621
27.859475110539297
29.237043304644654
30.979996325929292
31.45584086491435
30.704532806386737
30.519937412245476
27.842273823641097
30.473950745937795
28.566985956747196
27.991615478841663
30.91008675096549
31.042396978125076
30.5901672896574
30.471066179549098
30.48237299990445
31.060177569084892
28.98974811413243
27.873745706417306
31.130407825241907
29.60543583915466
27.729734911961387
30.776498927095993
30.21900572590525
30.558064431554048
28.197248705600437
29.01323419420452
30.503634648277714
31.172837046008798
30.152746101496536
29.913906331030674
28.553848617126597
29.28657755669783
30.159659435532447
27.797875250210225
30.6379934040152
30.693672621481696
28.178566248344424
30.750985912352668
30.58955091630836
29.544803141336047
30.46960644657126
28.41674563067597
28.90209079524961
30.80109715762475
28.680766924588795
30.715272821065863
29.28153966593419
29.14062359719977
30.52869495971803
27.80353224044618
30.38880706810335
28.645099722605785
28.922404016479884
27.898922268629775
29.910614502127846
27.678404937863665
28.34659385025391
30.84686283118009
30.92807974664308
31.252862994055597
30.83336227467624
30.87851277779436
28.893100593456055
31.133447959744917
28.109677564536714
30.962201163330718
30.760604540827142
27.93767276625204
30.646349113478585
28.193388887090954
30.31830597341918
30.95792299077774
30.9951845407019
29.29163976739175
31.37378975274581
30.56099501473969
30.67328986195587
27.38631309318898
29.776256452293595
30.186072912655575
29.341173763461622
31.10659081014593
30.87629095511025
28.86475517496386
29.33368447354996
29.62201990867007
28.832749134756057
30.468129042313002
30.420462812166093
30.906616286133822
29.182940044733506
31.713944055711263
27.757391483882614
29.60623003209701
29.373513931638335
28.639735874762554
28.0986617744315
28.607450559262904
30.181242012447274
28.63298581357173
30.335329533262914
29.582748616464674
27.924006360782986
30.842267799619595
31.46129340149878
29.070474618755796
28.782364256557393
30.921932657269878
30.149217614977903
30.81644535072332
29.222231641273332
30.6760515782952
30.57918530175784
30.824750989211843
29.930445797850584
30.67906925277564
29.484242626329625
28.45282389830554
31.110224880069225
27.37548843739246
30.721743721252874
30.30074886359463
30.459734339705204
30.251355023316524
30.796896344338712
28.81098125081742
28.95518699359505
29.002084281549312
30.39106650396757
30.94064307310859
31.00694990052041
28.295261603110802
31.844744375874395
28.513959159619585
28.866605350951097
28.73948022073356
31.1341183453308
30.683882810765283
30.997098774329736
30.83209812937394
27.956866048471607
31.018376135791954
28.643015424720346
30.460235872516247
28.360526393370428
31.12880044729372
30.47704348034506
31.066217914015986
30.60436807468513
30.962764216112927
28.127450854808465
28.411087074765796
28.63252560330013
28.723963533634137
28.41519445290857
28.00143981270181
30.645201299115126
30.896234862378726
28.144963858651426
31.069804436473337
28.013869397528165
28.003876203168915
30.422565047120482
29.715214062954903
30.376650096102317
29.241299499616552
29.027665989429643
28.916199699565258
31.09082697861265
30.617988756267955
28.502054948816642
29.554725710240266
28.418516386538496
29.33058987344967
27.887816035204843
30.59523856768358
28.772159580666397
27.364397394458425
29.533594665180082
28.718821135745166
28.037998502463598
28.075506102387262
31.5319633415119
30.96143471482019
30.117706856282737
27.83443310673807
mean:
29.66156783760654
