16.52756496934723
13.735725828943382
11.087582443464921
11.145944790013163
7.363833433473656
10.846991453260005
14.18139429367213
13.45537024250077
12.485019525528664
14.145863518223777
12.617065814310603
14.288183397458166
9.9305564217773
18.958787246734342
11.53484291060907
14.206802189252038
13.674215593416324
14.767736763797867
14.755100598516155
11.535219153090717
14.955116028130583
12.346944190600162
14.084757138957992
13.259450038683916
13.200507844416498
14.135066685767859
14.97715631312932
16.145743426829437
14.88383854477184
12.306849408259122
11.668815331747782
15.850231870864913
14.873941952470771
13.472957641792938
17.380661206673306
9.190964013866196
17.96073871427468
19.227148401895874
11.855220289618762
13.893690660072691
15.363666916820062
12.790482322538022
13.496853874493196
11.578453952888237
15.28808409609145
17.129105632353376
10.007852897551537
11.555617126946945
15.321078983027013
12.242013297298485
12.849574164356158
7.378949741599542
10.659501403050267
13.698112274476301
12.778960455194575
11.483814591097499
14.926748253218555
12.987492954167069
11.483929626591431
12.911287033431936
11.82581376715158
12.966962718699497
13.774901354818589
9.372846463566548
12.950166622995315
13.109809293714399
13.483287114710427
11.638256537990971
12.806705782855238
9.995655682308277
13.691677498745893
13.887305708985858
20.52730064440031
10.107553273317462
14.322274594966558
10.322591122026056
14.584736071336762
11.316189994061235
11.918368450250899
10.099505079009486
13.683768522462522
13.63684324555839
10.051054005144184
12.936639098288634
12.806510786666662
10.217512852132678
16.804956960585354
11.602559022373619
8.400386598044996
13.852807669989932
12.104133142050166
10.833787577452066
10.978074861834491
12.077242723929299
11.432827768632563
9.84826823232438
14.067101604691535
15.374483952871618
10.161063039826221
14.090644836357564
13.036408510070519
14.857038707135068
10.622706375003307
13.120642135503456
15.709557231319002
10.613462209915697
13.401914497144524
11.602336595746412
17.279644949406997
12.936707539123468
14.40062642428144
14.464840208436966
11.119953695819332
17.00781775259088
15.789591751132782
10.236076787310678
14.57117397211181
16.224125040635855
16.396179715164518
14.846409597320646
15.002090217657768
11.707143792625743
14.451477025742523
13.639322885619462
12.447017173463935
15.328964312220856
13.339633778242629
15.317670657822687
15.963630435152732
12.062281717752713
12.829106704684037
12.568855756592574
17.7880937668564
9.59338606634049
12.281592331488026
12.15865708120886
14.295062891530383
20.409505312741604
14.748644628622422
17.31261507012681
16.522992128342537
13.915950851785754
14.454047747463934
13.59573000559903
12.362750881844974
14.175252163838069
12.561796217345629
13.315986193106562
12.868482792779028
10.79548057901192
13.21326266673655
11.67582944915077
9.707856194220733
14.056685863654437
14.54925778899282
13.801398994544106
11.837542621522532
11.534505262540929
10.201010489992099
14.972267016613193
12.754968629552629
15.555283002904519
10.939541510147613
10.489663564521743
10.049287459444368
11.976145204283597
14.750805559766214
13.007196360116719
12.592248839962014
11.582417881896863
13.419062309910998
12.23136714496341
16.045792575639563
10.409283147574925
16.52281023712726
13.028746425156557
12.364342448386415
14.544022894778992
13.147085966322717
13.880935921905584
9.548540219121401
13.242563361228063
18.01132856509025
15.328115299918062
9.297839933747584
13.594140160400919
10.976393705713921
15.017742818306273
12.504296137806257
17.584106982880872
12.655584962558601
9.677745810930466
12.133839720872295
11.25786231322211
13.250538438713265
16.23376680113923
13.881150589771007
11.287864904772007
13.419023195272342
16.227956415092212
13.710093534476417
12.41644520568701
13.101616211892438
18.294922466882788
13.79466127634811
14.510091126463308
11.265841101680781
15.1988250819835
14.064412127476686
13.368049967359106
14.49673250371502
15.166109177121076
10.575416901870616
15.230712924528447
14.071503846424829
12.979146985368322
11.758842864994143
15.020512868649089
13.654468056962072
13.181709345767777
12.596430513033987
12.80737749695583
12.110154750792098
14.436231729073185
12.591426102917541
13.266916922591497
12.301880300536048
13.134595108951181
16.854207418800126
13.95844609155936
14.085097880583701
14.482602696505266
10.914394560103036
15.861320156551544
13.326305779698163
14.229004925071413
12.943445455593169
10.308979677671433
15.075431062354482
12.709125426113387
14.328624370036545
11.274965377594588
16.43699822471171
16.2615697171017
17.425120183564847
14.234085103081863
15.499416673923855
11.885992689141233
11.209409366659878
13.033321822899248
14.619678507574655
16.18695341460369
13.36460966103837
16.221914124567185
12.611980709596741
14.03498964246904
mean:
14.723516914124529
