28.26075441890075
25.608380849088505
27.84282554626216
25.01113420142338
25.78971960333389
29.592060573633745
27.496123962586456
24.37210863306762
30.846733278010337
29.0820295824547
28.77031244047178
29.223712276797695
24.77202794839493
25.623025388540174
24.22539859077635
25.82865905737678
22.48351659419765
21.481905930844388
25.370779330664863
24.41733933826797
20.77085638016132
27.15822887150279
27.026733936156262
24.504937418239166
25.58284453896798
24.81446753094597
27.513820585736447
25.253753063583382
25.710193212183174
29.146596131431018
26.73376252979049
25.688103855111272
28.657441498132997
26.35562135742634
22.752479650301506
30.301034541712895
26.478541481195773
21.45747156377828
26.621893030433945
28.542771818143578
26.974452633260277
26.31828513361462
26.175103272096482
27.961147185997667
25.206462540140034
23.578109438083402
31.19915820574321
23.597898840371204
21.891372933790862
29.784621078702855
25.064162952410744
25.83379175344548
27.371354238977528
27.109181594478727
29.906465761653738
25.623060466815055
24.958139766633593
21.797222977608822
24.018954403961605
25.320253719152497
25.50194375074865
30.7004248523709
28.915409215469488
25.908028544990678
25.296440324690366
26.52704589095736
20.800918808236762
27.923903743001386
28.592396282198482
22.53933217328229
25.46841164064048
26.66078943895912
26.31629806949469
24.336308031907862
28.790001314295314
18.348472155095163
17.221981804731495
23.94288671667499
28.323937755137866
30.3801160239126
26.187418323297177
23.06299120998418
24.69881433666017
18.005442285900834
18.994318277108825
25.662804249259292
29.98462065983673
29.887434208439082
25.25441746762085
22.496760951416825
26.134496042188267
24.533226558125175
24.429803764815706
28.48454292875278
26.51819329638462
25.692669188943256
29.94477075575354
23.202916469945013
29.10016265972363
18.152743281471626
26.43976957739846
27.035271373614165
27.80498268718414
24.266551521565024
23.117369007581342
26.886690337868167
26.50189863367978
27.879328369374942
28.580996678614902
29.050707177641584
26.71260015376613
27.893344787059053
28.518059876896064
22.463815358249505
19.09707171971288
27.34083252434842
23.729488667215072
26.980575396317327
28.151484826593887
24.803732364898398
24.430921263339567
24.72917725981354
27.75603469089591
26.291609781862952
24.82199699657894
25.859575952866372
19.008979647784283
27.203212648059825
26.185385994257064
27.357637429477478
25.459520991849747
20.77348209984533
24.82926536282314
28.113691904605705
27.59185304001283
28.64952289920637
30.94944218592441
25.52296741302865
23.59689435441231
27.379962717360772
26.964177124700583
21.104291830264057
20.41951560964187
26.535754360894224
29.301068567209093
24.593658507079297
26.439130553736142
24.77442462964612
21.964788119378046
27.30678019455263
27.087992897964387
26.367202146260958
26.516120729654062
26.905189894617035
26.002957945280084
29.872963075685135
24.87146427753594
28.307055792026933
28.226558735750572
26.253290038126387
22.92923789079862
28.116510132265187
25.833450852392815
26.782577977742065
24.217096731278424
22.966212881993638
26.72468619670729
21.088598167063605
25.996949335324246
26.220387825294438
21.677560102661577
27.343922006674244
28.34281793598584
25.503317349900275
24.34160269960879
25.957802967527257
28.362818824573562
29.137790616356938
22.41207062805033
23.147744017654386
27.374086005847833
27.75479606338715
25.93814714547034
22.706573579917123
24.76192778496585
24.59706701943788
28.330931714464217
22.72921415929782
25.197864947351565
20.295967836641054
28.2012275279938
27.75855903033466
26.493007359355378
25.591864549519467
26.58259391154629
23.206692953489927
27.667358663575047
23.52380163543703
24.439540149735798
28.494625437382403
24.507702737467152
28.76185578325783
22.572866715730676
25.369882644627108
23.28641639556167
26.21924636089083
31.700139599762384
31.1814702127515
23.50036606708261
23.61143124394422
19.34652978794129
27.595302005298258
19.401501964530652
23.858544325460176
25.250761165375465
27.849922074071532
28.679255831524866
20.828160163687407
25.97249287500205
27.41381299244126
24.543033120724406
26.316302331637157
25.036349088743496
27.649077644382135
24.657121652447564
29.054371853345682
27.114730977118978
26.450738550555258
30.647266203176702
27.10840774059627
22.50241875495169
21.211721942091046
27.55023513465305
23.396518194288955
25.699933737964997
22.833739739868168
30.535365187179497
25.561349435616897
28.60752832945537
23.992962264160155
25.174091320314382
23.827152771898128
22.853851852572806
24.686472638619062
29.54917270901298
27.498946048328868
28.421463403441205
25.506722498236257
25.52684695822307
23.31321847398981
22.324218551068363
28.598694074877788
26.048262793967655
23.58325109828727
27.587511145838516
25.349997684980654
mean:
25.03338043482661

