25.912977565489808
25.746354502845605
25.77245172700827
28.27355073492012
25.476357197523043
26.15417566460218
25.00809547123438
25.67603895264694
29.549788305140922
26.352041432328548
25.70519940055577
26.10727721293675
25.727661590469758
29.580919145955228
26.750748882368104
27.17038729433196
27.14621346984483
24.952455949337676
28.187737860781535
26.913213285908014
26.045556801486818
25.8197905984855
26.938597160179988
26.487343709651867
26.93537693347603
30.24445987188621
27.521866642088778
28.255013621846643
24.854815701111583
24.985874304272183
25.867739098477326
26.579900474365235
25.65692148222155
25.687325426083333
27.532839392372527
26.376869792136652
29.186813177903993
27.799496277383234
32.29554469115413
25.547110485854304
27.731480986626703
26.78819818373658
30.27621567076642
26.697920648121247
27.458202876624963
26.025326685136033
27.658019374869305
25.345018920720662
28.876568041268868
25.522568337393142
26.83847165549267
24.780827861055293
24.827588433835174
27.224264504051078
28.02204194298756
28.661195895159896
26.017849272148602
25.702313175662653
28.428671060516834
26.50883275028654
27.680606831336313
27.19716394304387
27.318950246630372
27.52353851895394
27.965055365780668
27.996318412982163
30.546717192175066
28.96667041813542
25.475842699612762
25.64022348517
27.76907203977066
25.587755767082786
25.800680586589372
26.06762737033264
25.1453863167784
27.728249942212045
26.88345123411992
27.833010595273553
30.733632946289624
26.906472805532005
27.12647830978247
27.408477927395364
27.137948615708844
25.016626512320478
26.184067155010165
26.928026911023466
26.11417884723524
26.08008577975411
26.10885933341001
26.08633339534653
26.175417770792198
25.319533013861584
27.702394740420452
30.42137185244097
26.934311444748914
25.433413491016346
26.02993641331817
26.479680452179323
25.854332857096175
24.937621099733057
25.284236952435954
26.838917464125664
26.76586900632101
26.137589882409536
25.645002493208125
26.623523406314643
26.90112838425092
26.32375206489673
26.55687531017527
26.125447264227162
27.016285663280144
26.634416443914905
25.300176288892168
28.433514603510623
25.74853619727049
25.50169708057988
27.504244217360792
25.995335781839522
26.139265193643833
28.61415586524987
26.33931830623597
27.28877925152736
24.76564719263027
25.818915426495295
25.248656328317626
26.53053653441242
25.905482027502195
27.116789349033027
mean:
26.77753198582488
