38.11186578107029
35.87170663790663
37.145616911505115
34.65952125357007
38.21632186130572
36.448661930917474
38.8244899398988
34.94455639489482
38.69854180220511
40.04945467201093
39.29165823657283
30.352938853295317
35.09223312814272
39.73515780415563
39.99249057657029
38.5245260063748
39.55893187646818
30.46940660430773
38.67884988323595
30.219314422980602
39.17117125232434
38.07926251626612
39.695351355048075
32.2838315961083
35.96896411480088
37.07769805833423
29.575225613228938
39.670492595408106
38.13607290734585
38.050196776735454
31.746041038229322
36.64284567523646
38.48469668570572
39.514913103865354
38.99760729217541
39.083236207497905
34.58788677343976
39.53747745129384
39.37910725873973
39.84331958600097
31.5910432498206
38.20731974211477
39.716634491452425
30.02643711312169
39.36452697588298
39.29766488511553
38.42294454738196
38.827600857740826
39.23942863221545
39.09213523632087
39.29900596388219
30.623720072256756
34.756259744977754
38.765065722070155
37.899565620207724
34.15182765837383
37.99682128685969
32.802449389777664
40.27529254094249
32.83655145049026
38.56898325123971
39.449399119759676
38.4792553106232
38.87818474406135
39.02435636414148
36.31875741496609
39.29789607604984
33.64820522620128
35.24314510735066
39.78934208286744
29.90768165689118
33.56924211916134
40.10411285653983
37.90389061164217
40.62926419242593
30.093403712770584
30.87514057748472
37.59009695153437
40.58059536189853
31.632107737049164
34.22324591735879
29.982139452511728
38.58159011720182
38.943277161032675
36.99142445975945
38.92147110769233
38.916089593673064
39.7427327395871
33.00192247592848
37.92756985890169
36.285423410360174
39.626630928627634
32.82850637812115
37.58015375848441
38.968192349832776
39.14350538306442
34.13072769595129
39.973379260522485
39.196484112304816
27.60319807708167
38.268358118304576
39.073169709101386
30.381899300231964
37.7849119774901
28.747351054168227
39.38547206873923
39.122848821621304
39.23227202167556
30.5565875242293
37.96431886743547
30.839701715916462
38.20548559913585
39.76059630471751
38.31501075721799
32.81897802212641
38.274966079601136
36.87273056190875
39.35378772830221
39.456491286461926
39.08556933723669
39.80921900778309
38.944044277532804
33.47475583197117
40.35577548879395
38.89724338850175
31.661929526456234
29.67428798829483
38.845521593340074
39.048912765876565
39.685330104631895
34.30551513470774
37.37848927848785
36.87225441112746
33.246838956501755
31.52101769207206
39.60176458479093
37.04468325815105
39.16968948599334
37.2379462396468
39.29821976403526
35.514322792878325
39.212323227537375
33.41571153937415
38.59706586126289
35.36905135026958
28.68294969206321
28.964024170485846
39.95144827882314
32.389002069275136
39.966200436224206
34.32539376597666
40.43693658185232
36.126583739957574
32.87355602237327
36.05988506137746
28.636986936568146
31.719496486880672
39.438925832752844
34.996900176851035
39.759002025607046
37.79108480803012
39.693476939477826
39.51710104666801
39.09266446574075
37.84995313053137
39.072818462489934
37.95185372364938
35.299496218494745
35.34187270573437
40.07647649754936
35.00355223889277
40.320406135425834
30.533615023578456
39.45567605668238
38.973467208288774
33.76174464703748
39.574870750766166
37.54634935280835
40.01141387640847
38.380099864642794
31.242923458606207
31.879811926376775
35.2926144534955
37.95392310923797
38.339156676324976
39.30553228940929
39.40272747957672
38.03488945875045
40.37872529418496
37.04383013817599
27.008040424505353
37.96353662142367
40.750436734764406
34.826140716931604
37.96714292745311
35.771957535340725
39.20665976698715
39.110563882540376
39.29055022470696
36.74525836701717
36.37003239232498
34.0270959028816
36.64294603793377
34.07026938773653
38.44910671627582
36.566517965936036
36.10312139614263
34.821568908986336
29.991530298398494
37.72173109568671
31.485130556787006
32.446293970743895
38.47431799262429
38.02235828910307
38.65856832947393
37.381373227642726
29.54260609333312
38.24246149862062
39.582664681611696
39.32042677540891
37.009787429358695
38.633656379621385
37.996444341228525
36.628867759085665
38.70438616430232
38.468736783283006
34.31077690363173
36.993599984128515
35.331007885872054
29.50762305906666
38.68968948601537
31.554544124786233
39.71296981661094
34.025076845247916
30.340035225072807
34.732793508442505
28.3371177611644
28.01316761142319
29.75970652194802
38.72747763181909
34.473024166520375
38.93697489070664
40.583267656580475
38.6876399318952
39.65766425095551
39.09015120017707
38.94562155377211
37.67721722164711
36.98952176949618
39.31095520639229
39.46085776745922
34.44047600536946
30.788265751566158
30.31620682651837
39.86255036938963
37.65745905828498
mean:
36.55782120709665
