26.024137780207347
24.182954568406583
23.293824088833524
23.413561684505297
27.031300523846518
24.353549409776512
20.507502760928507
26.749218393800092
29.25671989735521
22.904432875697406
22.419509453586947
20.83575309908577
22.309176804699543
25.683858315309223
26.518359677422495
27.317112532312606
22.593372738111192
28.912479799217916
22.148108789600464
25.78328132902331
28.307711984226653
24.95577779829494
28.22288060875641
27.588427080753064
28.67624397998579
24.50097809966184
26.447947835333082
20.142359203559646
28.616865951797298
27.04365976256875
26.802973113418055
23.49521122528874
24.489054838437955
28.171013976364566
24.153224006156453
28.021396272222564
27.098293598617484
26.368431750292892
25.883486574557523
20.494114103404165
24.68841877960096
22.309339352138473
26.12658922033468
23.071432516405963
25.43664374889342
28.245872043566447
27.471772166711602
27.241255016438195
27.462982046688836
24.177422768734353
26.05194820419737
25.422403423098714
20.657644782796332
25.641035123206102
27.453350703607377
21.12597668993624
23.396240044577638
26.412676626968473
27.392867225696875
24.52356747355607
27.551864129617623
29.376523202671557
22.424354095559664
23.935089699297496
24.734922297230682
24.223162346772774
26.083253451988906
25.194005660059062
24.580651850517413
27.4760693635959
27.46871598217332
24.53212726833978
23.741770745240082
24.682636124076556
19.0079082747977
28.0803012696436
25.793028669738124
22.602679053385852
23.90404588541035
20.760576602484644
31.151243310163686
26.89402045907654
28.75906152303163
25.117751661190148
25.417965069717713
23.803809935129735
22.535489362942883
29.73196613904618
25.709675087807398
24.82405704126709
29.13791460328183
29.39781947843246
24.400522614317026
24.120992997015634
28.21820328144513
27.594659514877094
23.11336370669337
24.417776686467512
25.23221406957156
24.12955016036446
27.767531299172955
26.4512996205111
22.69067408607367
29.26228937631301
25.44592880310599
26.58094766998062
27.923248802908965
27.41685846595817
26.2125073620171
27.067363202624378
20.726785596689208
24.25463629215971
24.84346217037418
20.938385897887844
26.259088561419404
27.37417289358197
26.75081387108834
27.5102945443199
29.386731293718928
21.247980371338585
24.325553973678243
25.513726788099603
25.75534779741444
26.073897072234633
20.531258857356022
32.595246323482165
26.57282036372054
26.048902003687115
27.254336773638844
19.497136387002342
25.629686005558835
26.512122582129138
27.405801004923866
27.153058711151377
26.434997400109303
24.168413510114334
28.210251613288975
26.956164273570433
25.730424017539548
28.62805271918787
23.219025675127106
22.936841875756635
28.022282552218023
21.638223162802426
25.394188039021188
26.925038069932636
28.142553384989185
27.111686656320177
28.876267728136543
29.170488731946463
25.3242709469938
27.341942132827324
23.457727522663163
27.57073619835829
22.205763418150447
27.708908435781478
27.108922058712626
25.211549736376526
24.131221992297476
25.04194739875188
30.09168220971134
24.024777660360602
25.968308886766465
27.716008847144366
22.485435829739323
32.39026102324752
24.763632436187834
25.1824818948068
23.839355002885675
26.10021791953955
22.887040033515234
23.8281736679909
23.431381483409194
20.26714835841836
25.063021405404417
24.104619296428737
25.597045021626865
27.009964891495542
18.46166846929053
22.447133522816564
24.693987562798938
27.216634007784673
24.345501894646333
25.898204714632627
23.69504012777323
25.676771560748236
28.064000449220323
21.276200326670214
26.47560511324171
25.85627813428925
24.934671467662348
26.4833856861243
22.052235399879674
27.60211827765271
26.85980535728357
22.978540056978694
22.570637856593798
28.650061297123244
25.47606406088036
23.939993562450766
30.23263840949172
25.04221866982037
28.093102138934633
23.93663622449713
22.32441035147067
23.007302007963546
22.4776783404318
26.04374352251272
25.63365400879409
23.097508664008323
22.915038452782216
25.03689946349453
26.041439872086436
26.438902456380507
26.5237288477879
26.385193931486626
27.296118559097835
27.117478661103537
25.605488771262145
24.69591617067728
19.162087841920535
29.95190741681033
27.46896757111987
25.616328756394108
24.402064763045807
28.701140956800707
21.201491339568683
26.782447251673812
19.83596735847764
24.07620232452171
30.447480971042737
27.10732017743796
25.1038740590484
26.02984929135555
26.148404527376755
24.656041963641133
29.109130297973618
24.662536742020848
24.118635755761396
25.685838912168883
26.873287465512945
21.134789232901447
25.855426686808332
26.112933650062878
23.64773984087985
25.634672440871693
25.640526307885317
26.030980035584967
28.55908568654412
23.389419403161437
26.505138118138547
21.576253171787762
22.378245716900636
25.09554636973651
28.856331678105217
27.527021732287533
mean:
25.441298980890423
