34.72238134202318
33.963299115232445
32.367105122217716
29.021214120698062
35.231146284577456
34.63184652901563
35.654478785482866
27.717641517895366
29.575693878907508
27.70095985260397
35.33262196005171
32.50763289568665
36.24791953471697
29.100685772496885
28.587754166600874
28.188465067239797
34.471669453098514
30.323994555226687
35.007166154025434
35.57758771072671
35.85981116913427
35.41302262930569
30.518161073998186
34.756194746159075
30.334824605900955
30.242690395382212
35.614496644796404
35.770479526284376
33.39459167640382
32.831175981997305
35.39235447253097
35.916156056746054
33.484008228291195
34.63202023259631
28.298970593586994
32.38897380467823
29.581465084232544
35.655058344412694
35.58122129229294
28.639417989475294
34.92115025831497
35.27967171988064
29.86870009998727
27.065797625713067
28.692061746176872
30.715189512584693
32.57451862870563
31.843614112696287
29.30758941970071
29.13785959369456
30.018367672692214
30.794637556001607
28.343352437804683
31.708495374656064
35.82475542582283
35.79305337089895
35.34012507172623
31.4171027529654
35.757118184982076
35.63995514061548
35.287065467136536
35.582302132787156
29.307269666579323
31.321683797305884
31.764524211706163
34.09954810681229
35.6510829257472
34.23871001546747
35.82068396019726
33.59998783724381
29.70027935306938
34.83445491656415
32.308270016387965
30.48574526442352
32.301173322274266
35.448896585870585
33.26630510113164
31.47314221290852
34.41738864752945
33.78475855442733
34.717675813224595
29.68591151486159
33.99850469601853
35.72291902470098
29.92374874844205
35.54311234179745
34.81708430299204
32.59702499352686
29.44349462744914
33.20033458705621
33.4477534791652
30.07796482020074
31.977429533444944
35.85445103329906
31.214232534515386
35.35905177416524
30.608024007491696
29.600951375385122
35.53328730884183
31.931576026914424
31.65820949539508
34.476664197284656
31.572228386375567
35.47706242432044
29.16417547218465
32.91813060328196
27.76629646241
35.94159373804984
32.83184363945187
28.904400383853286
29.857408568761272
33.31737357326132
30.520378546763528
33.66042259750093
28.04892719685818
33.90169374008194
29.63369402915713
35.280038358532394
29.088370748433636
33.54940672400372
34.12406360965838
32.4478599077497
28.029133749155598
29.252463870711146
35.593755904117934
35.44145069244373
31.722340013043386
30.36394189038214
30.11805311637129
34.47384633350289
29.034110051479587
35.62857768124116
27.607676266744935
30.693659868275898
34.76978438774401
28.48554032592999
34.157373517633594
30.696428191989447
34.454884796206024
35.97612425210353
35.163427057027505
35.35753982446107
35.723304758360676
33.035435767006156
27.673830989134466
32.558775480664295
32.87505205647723
36.11479228801413
35.22726873590727
28.242359962199387
36.12050603171806
34.19799425065455
30.956269802903588
34.44829501563357
32.7683559771589
34.396831124489104
32.55541635347129
33.81071739149824
32.56648288521503
31.14363485990055
35.475374599891644
28.57021100735876
28.965120446577348
34.95895370849109
33.73881348316948
32.059387378210246
35.572956847459224
28.72683701908568
34.89949837399183
34.63694999319905
35.50041392139552
30.826815089030276
34.15609960714932
35.20883438926654
28.256685526275895
29.89151474894832
30.124827493249285
35.8345133837124
34.99331195217945
34.20924047930251
32.6837156687101
36.10535995328162
35.57623326101433
28.79405853278715
32.28215821976958
35.63090246526063
34.1931813000566
35.20229276359044
32.788430750479435
33.451518181598566
31.90391871002693
32.248250717180255
35.330284530060396
35.39115060701556
32.22695051196604
29.367923099873977
35.49673167045664
31.560931753428783
35.60514117296679
35.733183083474245
30.669921041983812
35.33375402509666
34.757397381806015
29.655288879465672
35.05188244449662
33.153671212378455
33.233761049991735
34.780033191318694
32.43138857844681
35.30178028241151
29.68587106641347
34.87591556324162
29.13915667305412
30.18502349275568
29.54354545222968
34.80837564281205
31.931864346193493
34.10989778054362
33.14396341962145
34.814926088728136
28.193664986938316
35.33501634717306
29.283954174337048
35.491801188966726
32.65686685692339
29.13008524222095
35.67830435082635
31.055968183500276
29.31067230573384
27.609261963632285
35.66480251011363
28.13822844246699
34.71814291517624
34.850400497510506
31.545759959826928
34.63437381123138
28.454000210045017
35.30993165134779
27.653458027092398
35.18995719378265
34.951400640735685
35.631399375388185
33.59319463616587
33.617167481668474
34.71464892192546
30.68827498651572
34.52662187673402
27.815098423257098
33.214770339181186
33.51775714157221
34.23598468431975
28.152860527437056
34.057190597416735
36.084371756710986
33.14832643580178
35.1917891295095
mean:
32.70950999383933
