26.68734232334352
28.30619457280764
25.506711530490715
29.83261617033209
26.43178955364292
25.39580046101118
26.414334166040987
26.943748385143497
25.10947271077141
26.538465925748504
25.61431070186287
24.98498093242759
26.792964037255018
27.657845979683135
27.15092631410363
28.525074863353286
26.752639752490772
26.534018140582454
27.786124979371074
26.49530331634926
27.0627301068769
26.418291540937197
26.006538076538522
27.904619874858668
27.319647481143022
27.43097828971564
26.93588255773042
26.66334904667453
27.444284647197446
26.033097630568655
26.51167870893495
25.997527618345142
26.98635501823087
26.306790368357756
26.306047230298716
27.473019383817487
27.476474120904925
25.643034833381332
25.327162717336883
26.53002878462229
26.242300455233924
27.380456445072994
25.976436043855212
26.280106247285655
27.311535013146194
25.387146777670143
26.209788829661804
26.457194441345596
26.454590485796416
25.8342277460329
27.698030043206696
29.97630658341614
26.573594723054903
26.39810740381925
26.015690321268945
25.896898994702532
26.45508003576858
28.665122628277565
26.176557054494786
28.21821060007041
25.335332603309972
26.999941046210495
28.46844339808787
28.18983937633931
27.3538252308202
26.686068576943008
26.908109513736505
26.597905986206047
29.260105113161647
28.360425650045933
26.435968156211
28.616454987046225
27.052392235776974
27.279469111948735
25.32481180241584
27.076429952788352
27.50700955115893
26.31097488965697
26.899860736113887
27.45007705926508
26.674244423942678
26.429485065754676
29.00146306601585
28.018207345355556
26.659803935474425
27.335928600536263
26.832276785907432
26.656823215202557
27.677804656616722
26.502410574127243
25.70796989109624
26.861447387348335
27.965448271085982
26.620332665456917
27.977136477855026
27.08267464685357
28.509606722668966
25.672752031139268
26.71174002198149
25.85265847361619
27.58525239277413
26.82962235172846
27.811604228637158
25.828044208782117
25.38496063959698
28.652053012787114
26.770675312160662
27.543355658710883
27.11377285098589
26.308920268989226
26.764969159273967
26.98602139996749
26.285886712741558
26.28940783380056
26.238193455681348
25.64727370765409
28.57803345403409
28.047567569570916
28.33144399449281
25.88202140697936
26.92896748736386
26.678940225100387
26.187987197869475
27.47447806046859
26.628592817066465
27.536768060631402
26.508514754845628
25.288278891997304
25.87809623138692
29.638716753895757
27.640763549783234
26.278906728301735
27.823077355918578
27.170587076270895
26.52842428979277
26.745234005753836
27.450748409507966
26.575994206482495
28.843683960408264
26.386626857017955
27.50382241698997
26.7727627046674
25.85724137322773
28.052098752245943
25.91279678122866
27.91329579588759
27.223402647907452
26.80475265572124
26.846264636009728
26.537738820307702
30.018544462916857
25.774699754700656
25.833404567843154
29.727646713075092
27.196232638546512
26.946536576274806
28.607995667849867
27.518366308016123
27.78655504453711
26.51466075435834
27.82772454595619
27.243210861531423
27.088821107930965
26.884949466131104
26.19685873660061
26.902738771257507
25.031998074553105
27.141352295512714
28.092996307344066
27.056455967689796
27.69970520698617
26.68845506544535
27.465015213639997
27.165129245835278
26.91729790885635
27.137491241455614
27.58093832080754
27.91486866643455
26.53431502687856
27.54209611754736
27.61760427421092
26.195157097428904
27.04549440415005
25.83029178811956
29.428805539652675
28.209030497461633
26.82566817809179
25.120261159352427
27.112682887628576
26.24205546985735
26.83825861089104
26.414674828981674
26.104927223366285
26.62980287193975
26.848752724627005
27.644018087429206
25.805394465291403
28.99857840321171
27.334856978619815
26.82665242871268
26.299412084504837
26.33610809173538
28.811684962695608
25.578549472484408
27.21441258062586
27.919345606466347
26.235040104870734
27.738845482202414
29.79656444369118
27.382255962629586
26.62593637062326
25.43111094672687
26.7485964927541
28.130803608679106
26.36021401813067
27.874306854959432
29.125768281763747
27.610422211509555
27.598328444832404
27.427414055119314
25.455949298642317
27.104093981926297
25.87988854213784
26.646370466804456
25.53065732919191
26.823953247580974
28.05639555042212
26.17270363305813
27.18044103674478
26.20878414904929
26.125204838601846
25.64297733453554
25.88460631954024
26.81501112409912
27.152478535731262
26.24865080654753
25.42666481780701
25.648512233778842
26.039582906942996
26.706542394600866
27.815506739778005
26.140941427082232
27.08603766670125
28.925192941249552
27.193054329296587
25.855913606767054
27.024700390747725
27.488771871897036
26.177527305842744
25.909261200270933
27.503998361465243
27.20766099549003
26.536564093262456
25.48861757677352
27.465786291310053
25.45172670070356
mean:
26.94367876860965
