28.547950338353274
28.666469671747876
28.509383280547848
28.70517273054417
28.39006421969532
28.50053073036267
28.70141060274358
28.237155774540298
28.146056114708532
28.99170834382604
28.67067386454318
28.333979702763123
28.304050805586698
28.627411031677447
28.632196344844047
29.011320499089624
28.704140139496396
28.408407492653588
29.042751915775856
27.984481335292557
28.88112433048672
27.758341819556943
28.38195684477133
28.174473082741528
28.989390629170657
28.05893085432151
28.165831539223888
29.66733985151039
27.975240802162045
28.667745300142666
28.431799285505505
28.6666495966292
28.384762540216684
28.028636614822066
28.481373570884116
28.55559043290555
28.277045467859708
28.96021077204244
28.62882585694185
28.61723945455981
29.41306624841584
28.59434772348095
28.780841056593335
28.22885142288807
28.483561864650284
29.240094751140088
28.329844782599082
28.476521868949497
28.400239510733677
28.516109867318846
27.769710060302867
29.65350192995002
28.804954617083798
29.0558694915428
28.037033388621133
27.831317932915592
29.642044790901267
28.73060501609897
28.357967193778194
27.90707843901767
28.135690756622218
28.249164524578646
28.94890156426566
28.772130903561038
28.06420410807531
28.200619884178654
28.136801917720476
28.125413616751466
29.032639511202333
28.31705038506228
28.40104057314717
28.35566259736712
28.760360616556643
28.585575542960928
28.44214129213793
28.59017352293931
28.8452174470245
28.459859865143436
28.31351023232594
28.922946892005097
28.270018289835413
29.008183344376587
28.353943323679943
28.75100643855585
28.14934518031417
28.543793265682517
28.90407519380112
28.939639464743664
28.151660018288634
28.929424218620376
28.471014273684748
27.934036794634633
28.395687919602448
29.959146529787695
28.183596908488777
28.36704108683979
28.76440727287203
28.632585110503786
29.009913908112583
28.416904176398113
28.079772465979936
28.5734775899472
28.445385113493366
28.307844620772087
28.789260234809507
28.251703996079513
29.682808191041442
28.923294707303313
27.84757175505468
27.921092332371913
28.800494760518234
27.900296207867324
28.25888721924236
28.416334193778198
28.750843368120975
27.91075909447599
27.843825140586297
29.092368971362955
28.62543025819711
28.684527263896364
28.354218659405895
27.974910050508136
28.06675955570181
28.0888953076095
29.220750523975788
28.765433842766853
28.242051741175693
28.416545569334147
28.802379635995706
28.504072666552986
28.728824037431103
27.562458911588724
28.424052293429057
28.553147412046464
28.370983733814967
28.473147638056602
27.658974266472466
28.056810835761947
29.30142557743297
29.12399037922164
29.449935419389384
28.19575961453338
28.434129491403436
28.42788810892021
29.830608937722957
27.96809603679528
29.394526156363597
28.420767685682563
28.559321905781616
28.598026073353058
28.804888572852473
28.610165072479383
28.769284618976343
28.18959339746907
29.230414143574137
29.002922340961792
28.99287628580599
28.75283732442877
28.228811658107805
28.626186807033612
28.482921741699098
28.540257636798305
28.055761635686327
28.351484679951092
28.983997470523818
29.14176983715147
28.505135810944836
28.926345647163238
29.36250371656771
28.794317940043754
28.844009404876587
28.194733694653888
28.05996343480068
28.75945778664175
28.570316594952317
29.693877084611916
29.598418509841665
29.20872494180982
28.43830425355258
28.318168345182112
28.1655999556888
28.09473082030918
28.341493337769556
28.251951119790025
28.891028571731006
28.255965214566796
28.1972343504783
28.312533510690496
28.650637515506624
28.842010624933742
28.727080278615485
28.812734220378374
28.163042669595143
28.56388825474522
28.500061255679515
28.953136397383737
28.313971026334404
29.153047649978888
28.474073186498693
29.06467750560964
28.21795143815045
28.556970353344276
28.07027836722737
30.366413140910787
28.7019426673158
28.262568904822444
29.050463080668713
29.039722692578366
28.308013966212847
27.839037358091247
28.645159402351368
28.391835387559105
28.88338916869456
28.603677522160066
27.89905964299543
28.39025931295628
28.41867877342734
28.30289970146395
29.04642468513305
28.18796368121966
28.50333709215939
27.867577423471527
29.386864140335728
28.17969558368994
28.57709521328388
28.82039522249507
27.487122617857192
29.24987015423138
28.710896767408308
28.300969620560892
28.1638153953443
29.200800200565602
27.87784498447225
28.802350758647645
28.30078952343383
28.844721692523514
27.446257340276237
28.134272139284732
28.62600062834051
29.563741810296413
28.64775825589254
29.291792140484635
28.090593312413365
28.61604971007512
28.24332102699762
29.159747796148537
28.381488780984597
28.16804111075189
28.602940644717357
28.37691564458597
28.964375291298587
28.191761330459528
28.35693202180916
28.67444149349449
28.92863844470339
28.102599801242324
mean:
28.557744749161138
