21.59080639223057
16.29711657605936
18.318903069678555
18.968884495501197
20.149797166150965
18.83376513323037
18.19265775604633
19.219070974203753
19.317315267180874
15.879229917348066
18.665144127255886
17.74893096206503
17.16161511376376
21.39310158772853
15.90580105747097
19.037643828573934
20.210877917768556
19.91410867932398
17.278676701128617
19.09008837497302
17.013527131800526
19.014249587291875
19.112799566970796
17.255244633560057
18.86938019530376
15.526554008369416
18.622072228675766
20.63831189063968
21.057052150644083
15.109799808892564
17.11507414007447
20.20575222770613
22.551699857602877
16.806461699812715
17.515944053085615
20.537772678121364
17.440765463869713
16.313053543343703
18.899588668467917
19.26930982538853
16.44032944146566
17.04514673883715
20.004394244426074
18.009545357377995
17.981801425128513
17.710331338303963
16.139554520119713
19.41287842090105
20.99093712009814
19.8365826142995
19.550548836339985
18.898566721360314
20.327084120706495
17.68095671144408
20.039916915615805
18.018155223997585
17.084843408419932
18.237945919596534
14.856371542614163
17.729034322360302
18.78046722753913
19.59615946216606
17.98618708222633
17.866819879623748
14.87215003444341
16.06364408689001
20.8118491634306
19.48958563835144
20.719375534754167
19.928400825705722
20.673634186449764
21.584238753158704
16.325769939523845
18.30419511563012
17.97881876067174
21.728547874950305
18.103445923245967
19.10482610866316
17.337736199024082
16.697388182043596
18.33320290663853
16.96696858279295
20.49376175463695
18.054520116350165
20.080246174169467
19.252851032432588
15.189244538039164
17.04776251104747
19.302860948552663
19.831094799161274
20.601256515957623
16.465587777014584
19.20476850910052
17.95225813456655
16.558460959260938
12.596971701511855
19.028246620117958
17.84407272211797
18.012843467267796
19.16068726957848
19.938016862448706
15.685086651970959
16.314094972373372
18.055178683558825
18.26796995156777
20.73200073216144
17.732533760406234
18.98190887083722
16.462022452709466
19.90568738947703
19.49297849080196
18.531803301058616
17.98499447009711
12.016604393953653
14.966469737056995
19.55458232045281
17.62698075983368
16.51743159731926
17.849248926354623
17.31549935604223
17.75193089893859
20.350485521628535
18.63837783016764
18.405960798650984
19.775427963145933
18.186538514314357
17.748429002541876
16.439160343692784
18.877793402361892
18.935855862831325
18.58347138430189
16.518159711247936
16.530396235123032
17.853470454597563
18.92802610532994
20.059692180498473
17.93130604995111
15.763071814855822
19.265286836211192
18.14090381827681
18.542010349362187
19.416206457131896
17.21136358848023
19.110425528942983
21.199238394107756
16.374286258534106
19.30419742332556
19.595081814325464
18.96714929107423
17.028331939969572
16.714841611286396
20.78643028548683
21.198032904251054
16.821673450048106
20.225734059935295
19.60409784440252
19.452738098103673
16.561659456054045
16.595117525543944
14.348329288976387
17.594475022878825
18.78696902076716
19.40618305849068
19.033845699089223
18.00546766619355
19.067920745637448
19.181234624505667
18.686145459229454
17.495665058297206
17.9807833800335
18.267482390359667
19.640233244931093
20.028667709922754
14.664469138485497
17.267526981986116
21.174647255069505
18.116897091338277
20.752570133920646
18.4820147921259
18.458034141436272
13.556253880399037
16.51794589389552
19.04864243089694
19.110037228425288
18.267482978993513
17.853857570778086
16.99330200164701
16.160920069557868
19.998141708499393
19.315953256260713
17.45581761536592
21.344121375265033
17.413482772261915
19.980296969363327
20.371169912018317
21.580497364934665
17.608311400629265
18.97764669913037
17.398182786335102
17.132520103405227
18.48700295884249
19.77143863060139
19.673362827386217
18.034202208070155
19.40646190625142
17.865360037957323
18.679043678808164
17.50419530460007
20.012373121710937
19.123235412746446
14.464570766134468
17.938139606148656
16.576748034495377
20.254249697794428
16.92308855428242
16.391254283211477
17.64575905306215
19.023708780614122
15.969318755019614
20.75163026629257
19.565540186751026
17.50052761221166
18.773615974965082
18.716930917088824
19.53085094578716
18.025671199048357
19.12249633321761
18.20348417894479
17.5918497824723
18.399378371146188
16.24256982164522
19.362685829019252
18.251608714827196
17.11673055364826
21.27561800210335
16.525974108771987
19.91175349789337
17.959444283038934
19.24477570714775
17.79617059918649
16.630997102012223
19.0272555489039
17.27477587967243
16.938118065403295
17.42433270943379
16.98657845132015
20.535628238558772
17.243632567933055
20.920286129915034
20.678654595585332
20.026250823692486
17.175868728478797
20.50905948114964
16.053326835176275
18.832753840166482
17.936791208070765
mean:
18.35011137398123
