16.05954367307376
17.917620568578286
15.58507269013151
12.419373108686809
12.917037710727898
11.710214562243399
12.777375732054114
14.627621287939315
13.830918904980198
17.872545976416806
12.747746077432936
10.240541307932705
15.922423152148452
12.386777845153674
12.558525567833705
13.61092541522895
14.589288794541242
12.573307142642644
15.675395440418018
10.384665868613785
14.22378742685285
11.14864786686745
10.874780392934797
14.623912902492147
13.729131126166996
11.07230237108242
13.895629573259745
17.612946284747775
12.282139151778004
10.346146970274017
11.046795094478304
17.287767710602235
12.019152030550234
13.271931437580744
14.467693721735369
11.032155047033
13.764717989823904
11.178795691276417
11.725931702386172
14.69543902073549
16.264057880855734
12.289152206480018
15.146672988652622
14.584359681446513
14.649482106328676
16.40602855681741
13.327111862560304
12.101136827716228
14.086592027502334
13.65768401455404
16.465984141081634
15.898453340533806
14.36203073744706
9.046328704749872
16.19743883326017
9.286835717137462
10.95501980808245
13.896764401574854
10.465471375382027
12.665931548703293
13.42742317553849
14.211151668761485
12.447379743297386
16.907641673724967
13.344996752867544
12.368702562666773
13.500264909539045
10.602619992012539
13.629932711664434
17.871584204943268
12.891590183723402
9.81395224770748
13.6768366524334
12.879814407504735
14.17571671520312
16.929074028179983
15.09878799864637
12.2514277885886
13.263369748896835
16.638629214062618
14.675880103938397
12.219716721501698
13.69666124774119
12.421747516975593
12.50341973910209
11.452212483804615
12.33707326976933
12.615229771532006
16.50789927145039
14.825517659885502
12.233892676559792
18.588980117543276
13.00621646720174
11.521315080518375
13.388143583402648
16.283383518135135
12.032614177237447
13.01064278667802
13.572772564815796
13.711277363292186
13.44634595326437
13.694463243770956
17.617278950705828
12.307175411555292
10.520085019385393
13.809521602883583
17.292794615500018
11.55324860263489
14.438900275651426
15.105832221654667
13.608580718247595
13.640409273587416
13.524393763885277
14.64547036601261
13.42226427559202
12.244512231569281
15.11653599129368
13.892605870587339
16.443036047683776
15.54401859775895
17.922392608406543
14.931440899457142
13.220594394739791
16.215930326312236
11.471850888918063
10.466999774912376
16.163848441598198
13.206746077440618
13.240833515615947
13.737722910570971
11.010565717008632
12.535558831450382
13.40191211394345
13.303865227510023
13.594544980287166
11.539139768471209
14.571411698554934
12.220042198044577
14.91056075164552
16.231588154204463
17.052311495142987
13.161836762195783
16.1822629883742
14.733112865274327
12.407256892274257
13.80877435972466
11.61218688518513
12.419683771994398
14.482383052517678
13.86157675898646
11.036468404188447
13.361282613393783
11.362902702086226
13.510278027860576
13.380268291579338
12.245491793795779
12.713486986925606
13.000091579477113
12.79660275183926
11.99874415071801
14.549435728054416
13.340626039867844
12.722054515834847
17.784116377249283
13.157906227192825
14.603418623039992
9.781827457250055
14.58363539286383
18.0253907522663
13.710471302631266
10.905601668630636
16.186577398854883
14.765374269002468
12.263796072165142
12.84968915029998
14.640116839562257
14.62585979335007
11.17029781806808
12.967037905442497
14.95079175911495
13.073397827281816
10.599774901482746
15.18370011860026
13.379247073543494
14.536089796593343
13.261090607104597
13.807614598458514
10.101026109663604
14.410366150687278
12.642906629783528
12.384779209566315
14.965139480203767
13.54504157404329
14.418890907329569
16.216407806930782
13.485912912364102
13.076294049932342
9.575627225104185
11.515281795884123
15.957590957173311
13.093941644733995
13.9305169855081
13.994519068053508
12.156575033796324
16.277529371181757
14.680979221388345
13.051345944885682
12.796831116897662
13.605103646081337
10.967807738926458
13.13089527751681
11.810691339095573
13.66872784072228
14.813872690631849
12.770770833300952
12.946538428792447
13.795401748789814
14.110447703989102
14.510324701728265
13.294837331596874
11.868821087470153
14.236100458522804
12.559502364570509
12.725018081115165
16.308144502163238
14.070941568082375
15.453417082921623
14.612820435005867
13.989672063669975
12.072720867627593
10.840520072682587
13.287103533533468
13.852957982841003
15.400515633143366
10.837445517136775
15.28486443628892
10.004930882510365
16.075452775493314
16.69463020548886
13.716306198790367
13.509015264676538
12.495524977513933
14.75287061421815
12.739083181026174
12.853630765302203
20.816992699777018
15.413421194484364
17.092171153981983
12.500952307109074
14.978050831569567
12.625893220892701
16.4532934219397
13.25538360082948
10.322926771274236
15.050637348372678
13.201064011168794
mean:
13.63659155722846
