30.704846054000036
28.282312343982138
30.757413219421302
29.25532012276218
29.46437333440145
31.84678957005414
29.270557704365665
28.445563707979595
28.644773487824967
28.02746305117862
28.366626868690293
28.03141646426214
30.88914535225522
29.575028463836567
28.223836703960213
30.579955498136542
30.950962176054368
30.522198700435865
30.380961688822875
29.012420121277216
30.566515319945715
29.21680031994708
29.12322634637398
27.723075838941412
31.613744974554976
30.856219758003732
29.240683393301197
29.337602491012507
30.56176817748557
28.618473022188642
30.94983919894608
30.4297718727039
28.64115869653088
30.962126547355687
27.904138842598325
31.054810797655033
31.202552357775325
28.276862704909185
27.75312240480311
28.96054019284511
28.205082910664988
29.676239899708172
30.836873524536323
31.04900772964433
29.50445538972106
30.522591022025047
31.12529166288781
30.847345063153888
30.919460135067087
30.115702441221686
31.054720714689307
28.100770736851555
31.066634799366007
28.435907350874
30.497888857681996
28.32596516680255
30.64228897820083
31.02252171231138
31.517740140310593
30.452513856084202
28.223027954510126
29.41176068856262
30.651044435029974
29.373391599273223
30.275489438697186
31.054720714689307
30.981890246969805
28.5687643248307
28.591497669956553
29.66537683846582
30.81651750524893
29.036882808513642
30.621016507105026
29.55892696608153
29.316552078585648
28.208283876832688
29.775255069665988
30.874103503955777
29.91636351209287
30.778631250609504
30.22831629695641
30.70732726177413
27.648726806900918
29.508802429659056
31.14404509681686
27.66645026499386
30.99154981965828
28.529319317692146
28.14256044429399
29.797857780544316
29.495096864857217
27.94614597567465
29.169698464872788
30.665534708861756
30.670802646348566
30.959854765558138
29.568729325535593
30.824520975148427
28.990700115192602
30.824928436956217
30.232167675487702
29.832308166917834
28.31958557952065
27.837173930966944
27.93996878058222
29.1906517831824
29.14570592793188
30.923740908223838
29.467127261200112
27.842363116835315
29.254976723898793
30.35876155964745
28.31515825693591
30.48894373921541
30.429753870723285
28.2649558381009
30.82177489116198
29.30632444719381
28.81430174277068
28.34073285755757
27.87794168082177
30.536707503225053
29.146165817501192
28.080680743897194
28.758187606247724
27.918506717042995
30.656427578012845
28.967069589308064
28.773028177007976
31.068518230246145
30.912010770676797
29.42501014585941
27.90891166030741
29.280185548476698
28.414451140722072
30.516783380887162
28.719027524179644
30.092842850211316
28.722136677713674
29.61096842450441
29.01953976492457
30.806787471214218
29.517966803927518
29.637582386329314
30.98697658116397
28.47020020120329
29.349106417950452
29.589523061795667
28.85516949450026
30.579564171616788
28.705096084492176
28.41604734340661
30.5993173288422
28.45963493404749
27.098709196301183
28.350651809239977
27.98616634360725
29.342836690771833
30.48728340029236
28.797048832561988
30.23338340276524
31.50336359266488
29.750064336631205
30.354330401359803
29.95605698278577
29.98938264805117
30.159963942809938
28.66315239325668
28.52137722647269
31.142849859348974
29.78088956079407
30.65006582433449
31.153271510267242
26.888133065088162
30.460906687653512
30.42170845818611
28.597758451923255
28.554518763332673
28.054893284300565
31.26571956004339
28.6258263406269
30.46879502300099
31.0889548028114
30.534825931221068
29.481140190179346
30.035425649100354
29.033366017686575
30.164342184751412
29.196344080769265
29.313738818340276
28.550180230681633
30.21566291326993
30.797288161291977
30.366963155881812
29.251525928464087
28.654694815558315
28.733572230844892
30.399365146124893
27.854670053519342
27.619724514008578
30.096737063611343
30.393690113266235
28.390945960863455
27.738554242932953
31.251811457266605
29.97443819646854
31.259054090883698
29.500103007915627
30.661627505572678
29.382429940244993
30.521696090187866
29.075475470185424
27.9949677148629
29.706386264482752
28.605758792436205
28.51894177633949
31.145700584243222
28.76267778562009
29.608732689572545
29.08686850924395
28.36591793830888
30.72724097416738
28.837046804765652
30.069777065251387
30.107560299133887
28.3532550607247
29.822477532200345
29.653215885520858
29.213016942699323
29.889521954869775
31.148808095372495
28.52087069499492
31.04055937297776
29.804893354818674
31.223847176177898
28.141919049697385
30.94291157817092
30.36585728257578
30.960186981841304
28.37670992922795
28.308919708277468
27.815581564466004
28.213349098655907
29.346243943097328
30.791095061407635
28.06973468141734
31.215008975726178
30.99911646934933
28.743837125504808
29.1389337796204
27.710304725797275
29.930087433985545
30.83879174710696
28.30059840812
30.624642554920165
27.99644434122852
mean:
29.58853433165246
